9.779284769618632467e+00
4.179958911953550960e+00
3.212628089564451006e+00
2.781939232574513809e+00
2.521983696361398408e+00
2.317483164400498286e+00
2.140868130341873954e+00
1.984310588985535251e+00
1.844338086451177583e+00
1.718717435254832893e+00
1.605697625090467540e+00
1.503788222428892762e+00
1.411693541447843314e+00
1.328286516684636043e+00
1.252585864633001478e+00
1.183731285334008065e+00
1.120961515703425393e+00
1.063599520962807965e+00
1.011044783556032334e+00
9.627693681274921422e-01
9.183140418425473905e-01
8.772823295082268213e-01
8.393323255945466244e-01
8.041673595907685712e-01
7.715269910867809111e-01
7.411794933070362523e-01
7.129163281032779853e-01
6.865484872314185916e-01
6.619042068756149089e-01
6.388274911054411254e-01
6.171770013305255542e-01
5.968250494395512806e-01
5.776565842351084612e-01
5.595681544049053713e-01
5.424668735082944782e-01
5.262694221302974817e-01
5.109011162768261061e-01
4.962950599135951268e-01
4.823913885516623590e-01
4.691366018603405075e-01
4.564829767179175435e-01
4.443880476090864007e-01
4.328141385444576050e-01
4.217279295930684846e-01
4.111000417449203193e-01
4.009046262801187477e-01
3.911189491179152822e-01
3.817229664558677293e-01
3.726988946794453361e-01
3.640307839412161850e-01
